% Model accuracy report for fitting ordered by
% FIT_v00_G2.in.
% Written on Thu Mar 31 20:43:17 2022

% System mon_V.top
data0 = [
% Target  Original    Model     Error
-113.7269 -113.8176 -113.6077   -0.1192   % concat_coords.cdf, Frame 16
-113.7269 -113.8176 -113.6077   -0.1192   % concat_coords.cdf, Frame 29
-105.8548 -104.0236 -105.8085   -0.0463   % concat_coords.cdf, Frame 47
-113.7269 -113.8176 -113.6077   -0.1192   % concat_coords.cdf, Frame 51
-113.7269 -113.8176 -113.6077   -0.1192   % concat_coords.cdf, Frame 58
-108.0292 -106.1738 -107.8876   -0.1416   % concat_coords.cdf, Frame 76
-113.7269 -113.8176 -113.6077   -0.1192   % concat_coords.cdf, Frame 78
-103.5120 -103.0473 -104.7603    1.2484   % concat_coords.cdf, Frame 93
-108.0112 -106.9024 -108.0329    0.0218   % concat_coords.cdf, Frame 94
-113.7269 -113.8176 -113.6077   -0.1192   % concat_coords.cdf, Frame 104
-106.0450 -102.7135 -104.8249   -1.2201   % concat_coords.cdf, Frame 114
-108.1101 -106.6383 -107.6481   -0.4620   % concat_coords.cdf, Frame 117
-107.6021 -107.0772 -108.5219    0.9199   % concat_coords.cdf, Frame 122
-113.7269 -113.8176 -113.6077   -0.1192   % concat_coords.cdf, Frame 139
-113.7269 -113.8176 -113.6077   -0.1192   % concat_coords.cdf, Frame 151
-110.2470 -108.0446 -109.5808   -0.6662   % concat_coords.cdf, Frame 158
-113.7269 -113.8176 -113.6077   -0.1192   % concat_coords.cdf, Frame 180
-113.7269 -113.8176 -113.6077   -0.1192   % concat_coords.cdf, Frame 189
-113.7269 -113.8176 -113.6077   -0.1192   % concat_coords.cdf, Frame 217
-107.3130 -106.8755 -108.5862    1.2732   % concat_coords.cdf, Frame 247
-113.7269 -113.8176 -113.6077   -0.1192   % concat_coords.cdf, Frame 259
-113.7269 -113.8176 -113.6077   -0.1192   % concat_coords.cdf, Frame 272
-107.4811 -107.2221 -108.7464    1.2653   % concat_coords.cdf, Frame 279
-113.7269 -113.8176 -113.6077   -0.1192   % concat_coords.cdf, Frame 306
-113.7269 -113.8176 -113.6077   -0.1192   % concat_coords.cdf, Frame 307
-113.7269 -113.8176 -113.6077   -0.1192   % concat_coords.cdf, Frame 340
-113.7269 -113.8176 -113.6077   -0.1192   % concat_coords.cdf, Frame 348
 -98.5675  -99.6927 -101.2490    2.6815   % concat_coords.cdf, Frame 364
-113.7269 -113.8176 -113.6077   -0.1192   % concat_coords.cdf, Frame 386
-104.9776 -102.7606 -105.0869    0.1093   % concat_coords.cdf, Frame 387
-113.7269 -113.8176 -113.6077   -0.1192   % concat_coords.cdf, Frame 390
-113.7269 -113.8176 -113.6077   -0.1192   % concat_coords.cdf, Frame 416
-113.7269 -113.8176 -113.6077   -0.1192   % concat_coords.cdf, Frame 423
-113.7269 -113.8176 -113.6077   -0.1192   % concat_coords.cdf, Frame 442
-108.3205 -106.8679 -108.6335    0.3130   % concat_coords.cdf, Frame 447
-109.0427 -106.4772 -107.9519   -1.0908   % concat_coords.cdf, Frame 462
-107.6898 -113.4405 -112.4890    4.7992   % concat_coords.cdf, Frame 463
-107.7156 -106.5168 -108.0200    0.3044   % concat_coords.cdf, Frame 466
-113.7269 -113.8176 -113.6077   -0.1192   % concat_coords.cdf, Frame 467
-105.4370 -101.6219 -103.8112   -1.6258   % concat_coords.cdf, Frame 470
-104.8500 -102.1651 -103.9345   -0.9155   % concat_coords.cdf, Frame 474
-109.4873 -107.7246 -108.4575   -1.0299   % concat_coords.cdf, Frame 487
-101.3102  -99.8480 -102.1885    0.8783   % concat_coords.cdf, Frame 499
-113.7269 -113.8176 -113.6077   -0.1192   % concat_coords.cdf, Frame 514
-113.7269 -113.8176 -113.6077   -0.1192   % concat_coords.cdf, Frame 542
-113.7269 -113.8176 -113.6077   -0.1192   % concat_coords.cdf, Frame 559
-113.7269 -113.8176 -113.6077   -0.1192   % concat_coords.cdf, Frame 592
-113.7269 -113.8176 -113.6077   -0.1192   % concat_coords.cdf, Frame 626
-106.6355 -104.0867 -106.3509   -0.2846   % concat_coords.cdf, Frame 651
-113.7269 -113.8176 -113.6077   -0.1192   % concat_coords.cdf, Frame 656
-103.4270  -99.4078 -101.3008   -2.1263   % concat_coords.cdf, Frame 659
-113.7269 -113.8176 -113.6077   -0.1192   % concat_coords.cdf, Frame 674
-107.4945 -106.8406 -107.8223    0.3278   % concat_coords.cdf, Frame 693
-113.7269 -113.8176 -113.6077   -0.1192   % concat_coords.cdf, Frame 700
-107.0625 -104.5620 -106.3152   -0.7473   % concat_coords.cdf, Frame 706
-107.3701 -105.9516 -107.1201   -0.2500   % concat_coords.cdf, Frame 717
-107.7403 -107.1502 -108.2012    0.4609   % concat_coords.cdf, Frame 727
-113.7269 -113.8176 -113.6077   -0.1192   % concat_coords.cdf, Frame 744
-106.7071 -105.9540 -106.6259   -0.0812   % concat_coords.cdf, Frame 765
-113.7269 -113.8176 -113.6077   -0.1192   % concat_coords.cdf, Frame 771
-105.7475 -103.3265 -105.6549   -0.0926   % concat_coords.cdf, Frame 774
-113.7269 -113.8176 -113.6077   -0.1192   % concat_coords.cdf, Frame 787
-104.4513 -100.3625 -102.3683   -2.0830   % concat_coords.cdf, Frame 801
-107.5973 -107.1077 -108.3773    0.7800   % concat_coords.cdf, Frame 811
-113.7269 -113.8176 -113.6077   -0.1192   % concat_coords.cdf, Frame 819
-107.8264 -106.0252 -107.2710   -0.5554   % concat_coords.cdf, Frame 829
-115.3096 -117.1387 -117.7427    2.4331   % concat_coords.cdf, Frame 830
-106.2658 -105.4612 -106.8705    0.6047   % concat_coords.cdf, Frame 838
-113.7269 -113.8176 -113.6077   -0.1192   % concat_coords.cdf, Frame 870
-113.7269 -113.8176 -113.6077   -0.1192   % concat_coords.cdf, Frame 904
-113.7269 -113.8176 -113.6077   -0.1192   % concat_coords.cdf, Frame 918
-113.7269 -113.8176 -113.6077   -0.1192   % concat_coords.cdf, Frame 947
-108.9942 -119.1512 -109.0725    0.0783   % concat_coords_G2.cdf, Frame 3
-108.0668 -118.2104 -107.9595   -0.1073   % concat_coords_G2.cdf, Frame 7
-108.2572 -118.1911 -107.7953   -0.4619   % concat_coords_G2.cdf, Frame 8
-107.9290 -118.1875 -108.0663    0.1373   % concat_coords_G2.cdf, Frame 9
];

% System mon_V.top
